# oST version 5.0 parameters


[image]

width
640

height
480

[narrow_stereo]

camera matrix
817.006252 0.000000 305.715393
0.000000 822.073400 167.394740
0.000000 0.000000 1.000000

distortion
0.062171 -0.047741 -0.026185 -0.000405 0.000000

rectification
1.000000 0.000000 0.000000
0.000000 1.000000 0.000000
0.000000 0.000000 1.000000

projection
833.393985 0.000000 305.725439 0.000000
0.000000 822.801473 160.035427 0.000000
0.000000 0.000000 1.000000 0.000000
